                                2021                               
       January               February               March         
Su Mo Tu We Th Fr Sa   Su Mo Tu We Th Fr Sa   Su Mo TuWe Th Fr Sa
               01 02      01 02 03 04 05 06      01 02 03 04 05 06   
03 04 05 06 07 08 09   07 08 09 10 11 12 13   07 08 09 10 11 12 13   
10 11 12 13 14 15 16   14 15 16 17 18 19 20   14 15 16 17 18 19 20   
17 18 19 20 21 22 23   21 22 23 24 25 26 27   21 22 23 24 25 26 27   
24 25 26 27 28 29 30   28                     28 29 30 31            
31                                                                   
        April                  May                   June         
Su Mo Tu We Th Fr Sa   Su Mo Tu We Th Fr Sa   Su Mo TuWe Th Fr Sa
            01 02 03                     01         01 02 03 04 05   
04 05 06 07 08 09 10   02 03 04 05 06 07 08   06 07 08 09 10 11 12   
11 12 13 14 15 16 17   09 10 11 12 13 14 15   13 14 15 16 17 18 19   
18 19 20 21 22 23 24   16 17 18 19 20 21 22   20 21 22 23 24 25 26   
25 26 27 28 29 30      23 24 25 26 27 28 29   27 28 29 30            
                       30 31                                         
         July                 August              September       
Su Mo Tu We Th Fr Sa   Su Mo Tu We Th Fr Sa   Su Mo TuWe Th Fr Sa
            01 02 03   01 02 03 04 05 06 07            01 02 03 04   
04 05 06 07 08 09 10   08 09 10 11 12 13 14   05 06 07 08 09 10 11   
11 12 13 14 15 16 17   15 16 17 18 19 20 21   12 13 14 15 16 17 18   
18 19 20 21 22 23 24   22 23 24 25 26 27 28   19 20 21 22 23 24 25   
25 26 27 28 29 30 31   29 30 31               26 27 28 29 30         
                                                                     
       October               November              December       
Su Mo Tu We Th Fr Sa   Su Mo Tu We Th Fr Sa   Su Mo TuWe Th Fr Sa
               01 02      01 02 03 04 05 06            01 02 03 04   
03 04 05 06 07 08 09   07 08 09 10 11 12 13   05 06 07 08 09 10 11   
10 11 12 13 14 15 16   14 15 16 17 18 19 20   12 13 14 15 16 17 18   
17 18 19 20 21 22 23   21 22 23 24 25 26 27   19 20 21 22 23 24 25   
24 25 26 27 28 29 30   28 29 30               26 27 28 29 30 31      
31                                                                   
